2.286363636363636154e+00 1.076956521739130466e+02 8.169565217391303591e+00 1.481363636363636260e+02 1.009090909090909065e+02
2.857142857142857206e+00 1.609545454545454675e+02 1.240000000000000036e+01 1.761904761904762040e+02 1.171904761904761898e+02
2.695454545454545769e+00 1.400000000000000000e+02 1.097391304347826058e+01 1.840454545454545325e+02 1.191363636363636402e+02
2.450000000000000178e+00 1.180000000000000000e+02 9.578260869565216495e+00 1.446363636363636260e+02 1.095454545454545467e+02
3.581818181818182456e+00 2.440434782608695627e+02 1.646956521739130608e+01 2.201818181818181870e+02 1.196363636363636402e+02
2.800000000000000266e+00 1.926956521739130324e+02 1.360434782608695770e+01 1.840909090909090935e+02 1.188636363636363598e+02
3.136363636363636243e+00 2.127826086956521863e+02 1.552608695652173765e+01 2.030454545454545325e+02 1.205454545454545467e+02
2.718181818181819143e+00 1.258888888888888857e+02 1.383043478260869641e+01 1.775454545454545325e+02 1.255454545454545467e+02
3.009090909090908372e+00 0.000000000000000000e+00 1.372173913043478422e+01 1.825454545454545325e+02 1.186363636363636402e+02
2.131818181818181390e+00 0.000000000000000000e+00 8.882608695652173481e+00 1.332272727272727195e+02 9.754545454545454675e+01
1.954545454545454142e+00 0.000000000000000000e+00 7.465217391304347139e+00 1.141818181818181870e+02 8.836363636363635976e+01
2.159090909090908728e+00 3.643750000000000000e+02 9.556521739130435122e+00 1.259545454545454533e+02 9.072727272727273373e+01
2.054545454545454231e+00 1.716521739130434696e+02 9.186956521739132242e+00 1.297272727272727195e+02 9.813636363636364024e+01
2.142857142857143238e+00 1.925652173913043441e+02 8.786956521739130110e+00 1.316818181818181870e+02 9.704545454545454675e+01
1.930434782608695832e+00 2.047391304347825951e+02 8.252173913043478137e+00 1.172272727272727337e+02 8.931818181818181301e+01
1.886956521739130643e+00 1.782173913043478137e+02 8.552173913043477071e+00 1.223636363636363598e+02 9.222727272727273373e+01
1.859090909090909349e+00 1.484347826086956559e+02 7.873913043478260931e+00 1.124545454545454533e+02 9.331818181818181301e+01
1.530434782608695699e+00 1.039565217391304373e+02 5.421739130434783505e+00 8.540909090909090651e+01 7.809090909090909349e+01
1.491304347826087229e+00 1.386956521739130324e+02 5.717391304347827052e+00 9.618181818181818699e+01 8.577272727272726627e+01
2.254545454545454852e+00 2.686086956521739353e+02 9.808695652173911483e+00 1.392272727272727195e+02 1.034545454545454533e+02
1.952173913043478093e+00 1.987826086956521863e+02 8.047826086956524350e+00 1.240000000000000000e+02 9.709090909090909349e+01
2.591304347826087096e+00 3.190000000000000000e+02 1.225499999999999901e+01 1.642727272727272805e+02 9.722727272727273373e+01
2.836363636363636420e+00 3.762173913043478137e+02 1.343478260869565410e+01 1.549090909090909065e+02 1.191818181818181870e+02
1.555555555555555580e+00 1.665555555555555429e+02 1.096956521739130430e+01 1.130000000000000000e+02 8.387500000000000000e+01
1.748005582880388931e-01 0.000000000000000000e+00 7.186956521739129577e+00 1.692539544387481101e+02 1.160909890025348190e+01
2.757142857142857117e+00 3.799285714285714448e+02 1.111304347826086847e+01 1.576428571428571388e+02 1.079285714285714306e+02
2.286956521739130554e+00 3.170434782608695627e+02 1.123913043478260931e+01 1.401363636363636260e+02 9.718181818181818699e+01
1.669565217391304257e+00 1.635652173913043441e+02 7.104347826086956808e+00 1.028181818181818130e+02 8.609090909090909349e+01
2.631818181818181834e+00 3.163913043478260647e+02 1.236818181818181728e+01 1.571363636363636260e+02 1.063181818181818130e+02
2.456521739130434590e+00 2.258260869565217490e+02 8.400000000000000355e+00 1.852272727272727195e+02 1.130909090909090935e+02
1.773913043478260843e+00 1.464782608695652186e+02 7.534782608695651085e+00 1.187727272727272663e+02 9.118181818181818699e+01
1.195454545454545547e+00 7.347826086956521863e+01 4.013043478260869712e+00 6.404545454545454675e+01 6.722727272727273373e+01
8.695652173913043237e-01 4.939130434782608603e+01 2.378260869565217650e+00 6.500000000000000000e+01 6.650000000000000000e+01
2.113043478260869801e+00 2.486956521739130324e+02 9.726086956521740490e+00 1.491363636363636260e+02 9.559090909090909349e+01
2.236363636363636331e+00 2.606666666666666856e+02 1.054782608695652257e+01 1.472727272727272805e+02 8.436363636363635976e+01
4.186666666666666536e+00 5.744666666666666970e+02 1.500869565217391433e+01 2.478000000000000114e+02 1.305333333333333314e+02
3.360869565217391219e+00 3.577826086956521863e+02 1.361304347826086847e+01 2.077272727272727195e+02 1.139545454545454533e+02
2.049999999999999822e+00 1.225000000000000000e+02 6.408695652173912904e+00 1.115000000000000000e+02 8.550000000000000000e+01
1.748005582880388931e-01 0.000000000000000000e+00 5.978260869565217739e+00 1.692539544387481101e+02 1.160909890025348190e+01
1.748005582880388931e-01 0.000000000000000000e+00 7.852173913043479558e+00 1.692539544387481101e+02 1.160909890025348190e+01
1.748005582880388931e-01 0.000000000000000000e+00 1.343478260869565233e+01 1.692539544387481101e+02 1.160909890025348190e+01
1.748005582880388931e-01 0.000000000000000000e+00 1.480434782608695876e+01 1.692539544387481101e+02 1.160909890025348190e+01
1.748005582880388931e-01 0.000000000000000000e+00 1.444347826086956488e+01 1.692539544387481101e+02 1.160909890025348190e+01
3.563157894736842302e+00 5.236842105263158373e+02 1.723478260869565659e+01 2.103684210526315894e+02 1.350000000000000000e+02
2.059090909090909083e+00 2.288260869565217490e+02 1.032608695652173836e+01 1.135909090909090935e+02 9.077272727272726627e+01
1.245454545454545592e+00 9.991304347826087451e+01 4.173913043478260754e+00 6.818181818181818699e+01 6.345454545454545325e+01
1.513636363636363891e+00 1.250869565217391255e+02 5.891304347826086918e+00 8.845454545454545325e+01 7.822727272727273373e+01
2.290909090909090562e+00 2.436956521739130324e+02 1.171304347826086811e+01 1.314090909090909065e+02 9.659090909090909349e+01
2.890909090909091095e+00 3.793913043478260647e+02 1.549130434782608745e+01 1.617272727272727195e+02 1.131818181818181870e+02
3.204545454545454586e+00 3.606086956521739353e+02 1.657391304347826377e+01 1.873636363636363740e+02 1.058636363636363598e+02
3.000000000000000000e+00 2.653913043478260647e+02 1.430434782608695699e+01 1.769545454545454675e+02 1.044545454545454533e+02
1.990909090909091184e+00 0.000000000000000000e+00 8.378260869565218982e+00 1.010909090909090935e+02 8.381818181818181301e+01
1.577272727272727382e+00 0.000000000000000000e+00 7.221739130434782439e+00 9.650000000000000000e+01 7.881818181818181301e+01
2.195454545454545769e+00 0.000000000000000000e+00 1.174347826086956559e+01 1.376818181818181870e+02 8.945454545454545325e+01
2.349999999999999645e+00 0.000000000000000000e+00 1.112608695652173907e+01 1.344545454545454675e+02 8.463636363636364024e+01
2.176190476190476453e+00 0.000000000000000000e+00 1.053043478260869570e+01 1.293809523809523796e+02 8.666666666666667140e+01
2.022727272727272485e+00 0.000000000000000000e+00 8.956521739130435478e+00 1.235000000000000000e+02 9.022727272727273373e+01
2.186363636363636509e+00 0.000000000000000000e+00 9.595652173913043370e+00 1.284545454545454675e+02 9.654545454545454675e+01
1.350000000000000089e+00 0.000000000000000000e+00 7.160869565217391930e+00 6.450000000000000000e+01 5.650000000000000000e+01
1.748005582880388931e-01 0.000000000000000000e+00 6.678260869565218805e+00 1.692539544387481101e+02 1.160909890025348190e+01
2.546666666666667300e+00 0.000000000000000000e+00 1.342608695652173978e+01 1.511333333333333258e+02 1.065999999999999943e+02
2.881818181818181834e+00 0.000000000000000000e+00 1.590434782608695663e+01 1.800454545454545325e+02 1.045000000000000000e+02
2.672727272727272396e+00 0.000000000000000000e+00 1.381739130434782226e+01 1.746818181818181870e+02 1.007727272727272663e+02
2.440909090909090917e+00 0.000000000000000000e+00 1.116521739130434554e+01 1.561818181818181870e+02 1.049090909090909065e+02
2.423809523809523636e+00 0.000000000000000000e+00 1.293478260869565233e+01 1.533333333333333428e+02 1.162380952380952408e+02
1.777272727272727337e+00 0.000000000000000000e+00 9.030434782608695699e+00 1.168636363636363598e+02 9.340909090909090651e+01
1.359090909090909127e+00 0.000000000000000000e+00 6.795652173913042660e+00 7.936363636363635976e+01 8.081818181818181301e+01
1.695454545454545325e+00 0.000000000000000000e+00 8.360869565217392108e+00 1.175000000000000000e+02 9.200000000000000000e+01
2.345454545454545681e+00 0.000000000000000000e+00 1.278260869565217384e+01 1.387272727272727195e+02 1.027272727272727337e+02
2.418181818181817988e+00 0.000000000000000000e+00 1.318695652173913047e+01 1.386818181818181870e+02 1.145454545454545467e+02
2.468181818181818254e+00 0.000000000000000000e+00 1.349999999999999822e+01 1.446818181818181870e+02 1.140000000000000000e+02
2.313636363636363047e+00 0.000000000000000000e+00 1.291739130434782723e+01 1.475909090909090935e+02 1.090000000000000000e+02
1.931818181818182101e+00 0.000000000000000000e+00 1.082173913043478208e+01 1.111363636363636402e+02 9.027272727272726627e+01
1.172727272727272840e+00 0.000000000000000000e+00 5.821739130434781195e+00 7.004545454545454675e+01 6.640909090909090651e+01
1.152380952380952284e+00 0.000000000000000000e+00 6.026086956521740312e+00 9.322727272727273373e+01 7.686363636363635976e+01
1.745454545454545814e+00 0.000000000000000000e+00 1.119444444444444464e+01 1.219230769230769198e+02 8.846153846153846700e+01
1.987500000000000266e+00 0.000000000000000000e+00 1.664000000000000057e+01 1.404285714285714164e+02 1.187142857142857082e+02
1.748005582880388931e-01 0.000000000000000000e+00 1.294782608695652470e+01 1.692539544387481101e+02 1.160909890025348190e+01
1.688888888888889106e+00 0.000000000000000000e+00 1.083043478260869641e+01 1.251111111111111143e+02 1.088888888888888857e+02
8.000000000000000444e-01 0.000000000000000000e+00 5.334782608695652684e+00 7.827272727272726627e+01 7.690909090909090651e+01
5.636363636363636020e-01 0.000000000000000000e+00 5.443478260869565766e+00 6.431818181818181301e+01 7.250000000000000000e+01
1.589473684210526372e+00 0.000000000000000000e+00 1.131304347826086953e+01 1.202272727272727337e+02 9.604545454545454675e+01
2.194736842105263541e+00 0.000000000000000000e+00 1.270869565217391362e+01 1.568636363636363740e+02 7.727272727272726627e+01
1.748005582880388931e-01 0.000000000000000000e+00 7.178260869565217028e+00 6.918181818181818699e+01 4.877272727272727337e+01
1.748005582880388931e-01 0.000000000000000000e+00 1.112608695652173907e+01 1.367777777777777715e+02 6.800000000000000000e+01
2.862499999999999822e+00 0.000000000000000000e+00 9.530434782608695699e+00 1.692539544387481101e+02 1.160909890025348190e+01
1.395652173913043637e+00 0.000000000000000000e+00 7.799999999999998934e+00 9.375000000000000000e+01 7.690000000000000568e+01
9.956521739130433923e-01 0.000000000000000000e+00 4.891304347826087806e+00 6.681818181818181301e+01 6.313636363636363313e+01
2.263636363636363225e+00 0.000000000000000000e+00 1.271739130434782439e+01 1.630454545454545325e+02 1.022727272727272663e+02
2.508695652173912993e+00 0.000000000000000000e+00 1.479565217391304444e+01 1.765714285714285836e+02 1.146190476190476204e+02
2.504347826086956275e+00 0.000000000000000000e+00 1.511739130434782830e+01 1.678636363636363740e+02 1.292272727272727195e+02
2.736363636363636331e+00 0.000000000000000000e+00 1.513913043478260612e+01 1.811363636363636260e+02 1.281818181818181870e+02
2.218181818181818254e+00 0.000000000000000000e+00 1.315652173913043654e+01 1.643809523809523796e+02 1.145000000000000000e+02
1.317391304347826475e+00 0.000000000000000000e+00 8.269565217391303236e+00 8.659090909090909349e+01 7.877272727272726627e+01
6.739130434782609758e-01 0.000000000000000000e+00 2.704347826086956452e+00 4.663636363636363313e+01 5.377272727272727337e+01
1.236363636363636331e+00 0.000000000000000000e+00 5.095652173913044258e+00 8.263636363636364024e+01 6.840909090909090651e+01
2.195652173913043903e+00 0.000000000000000000e+00 1.228695652173913189e+01 1.417272727272727195e+02 1.051818181818181870e+02
2.169565217391304035e+00 0.000000000000000000e+00 1.184347826086956346e+01 1.271818181818181870e+02 9.781818181818181301e+01
2.231818181818181923e+00 0.000000000000000000e+00 1.184347826086956346e+01 1.422727272727272805e+02 1.043636363636363598e+02
2.056521739130435122e+00 0.000000000000000000e+00 1.256521739130434767e+01 1.325454545454545325e+02 1.144545454545454533e+02
1.243478260869565366e+00 0.000000000000000000e+00 6.692307692307692513e+00 6.954545454545454675e+01 7.722727272727273373e+01
1.413636363636363802e+00 0.000000000000000000e+00 2.432308862809162253e+00 6.054545454545454675e+01 7.063636363636364024e+01
1.756521739130435078e+00 0.000000000000000000e+00 1.074500000000000099e+01 1.119545454545454533e+02 9.395454545454545325e+01
2.247826086956521863e+00 0.000000000000000000e+00 1.293043478260869783e+01 1.743636363636363740e+02 1.065000000000000000e+02
2.513636363636363225e+00 0.000000000000000000e+00 1.356086956521739317e+01 1.822272727272727195e+02 1.121363636363636402e+02
1.700000000000000400e+00 0.000000000000000000e+00 8.769565217391303236e+00 8.909090909090909349e+01 8.009090909090909349e+01
2.060869565217390953e+00 0.000000000000000000e+00 1.057826086956521827e+01 1.429545454545454675e+02 1.055909090909090935e+02
1.495454545454545370e+00 0.000000000000000000e+00 7.826086956521736582e+00 9.527272727272726627e+01 8.736363636363635976e+01
1.300000000000000044e+00 0.000000000000000000e+00 7.134782608695651618e+00 7.450000000000000000e+01 8.300000000000000000e+01
2.139130434782608337e+00 0.000000000000000000e+00 1.287826086956521721e+01 1.389545454545454675e+02 1.131363636363636402e+02
2.454545454545455030e+00 0.000000000000000000e+00 1.416086956521739104e+01 1.489545454545454675e+02 1.204545454545454533e+02
2.369565217391304213e+00 0.000000000000000000e+00 1.362608695652174085e+01 1.646818181818181870e+02 1.319090909090909065e+02
2.156521739130434323e+00 0.000000000000000000e+00 1.219565217391304301e+01 1.410000000000000000e+02 1.139545454545454533e+02
2.063636363636363047e+00 0.000000000000000000e+00 1.169565217391304657e+01 1.475909090909090935e+02 1.205909090909090935e+02
1.265217391304347627e+00 0.000000000000000000e+00 8.008695652173912549e+00 9.445454545454545325e+01 8.822727272727273373e+01
9.652173913043478048e-01 0.000000000000000000e+00 5.886956521739129755e+00 5.990909090909090651e+01 6.613636363636364024e+01
2.095454545454545237e+00 0.000000000000000000e+00 1.193913043478261038e+01 1.569090909090909065e+02 1.184545454545454533e+02
2.526086956521738980e+00 0.000000000000000000e+00 1.484782608695652151e+01 1.969545454545454675e+02 1.310000000000000000e+02
2.469565217391303857e+00 0.000000000000000000e+00 1.538695652173913153e+01 2.074090909090909065e+02 1.377272727272727195e+02
2.295454545454545858e+00 0.000000000000000000e+00 1.470869565217391362e+01 1.849545454545454675e+02 1.309545454545454675e+02
1.726086956521739157e+00 0.000000000000000000e+00 1.042173913043478173e+01 1.351363636363636260e+02 1.200000000000000000e+02
9.217391304347826164e-01 0.000000000000000000e+00 6.117391304347826519e+00 6.690909090909090651e+01 7.390909090909090651e+01
7.869565217391303324e-01 0.000000000000000000e+00 5.147826086956522218e+00 5.863636363636363313e+01 6.459090909090909349e+01
1.836363636363636198e+00 0.000000000000000000e+00 8.860869565217392108e+00 1.496363636363636260e+02 9.095454545454545325e+01
2.399999999999999467e+00 0.000000000000000000e+00 1.245652173913043725e+01 1.952272727272727195e+02 1.101363636363636402e+02
2.347826086956521952e+00 0.000000000000000000e+00 1.396956521739130430e+01 1.935454545454545325e+02 1.235909090909090935e+02
2.190909090909090473e+00 0.000000000000000000e+00 1.256956521739130750e+01 1.553181818181818130e+02 1.235454545454545467e+02
2.230434782608695876e+00 0.000000000000000000e+00 1.249130434782608745e+01 1.666818181818181870e+02 1.279090909090909065e+02
1.552173913043478182e+00 0.000000000000000000e+00 8.434782608695650552e+00 9.109090909090909349e+01 9.509090909090909349e+01
7.181818181818181435e-01 0.000000000000000000e+00 5.852173913043477782e+00 6.018181818181817988e+01 7.081818181818181301e+01
1.429999999999999938e+00 0.000000000000000000e+00 1.239565217391304230e+01 1.482727272727272805e+02 1.240909090909090935e+02
1.748005582880388931e-01 0.000000000000000000e+00 1.420434782608695379e+01 1.554545454545454675e+02 1.235000000000000000e+02
3.466666666666666785e+00 0.000000000000000000e+00 1.309565217391304337e+01 1.295000000000000000e+02 1.142272727272727337e+02
2.280952380952380842e+00 0.000000000000000000e+00 1.494347826086956665e+01 1.636818181818181870e+02 1.249545454545454533e+02
1.913043478260869623e+00 0.000000000000000000e+00 1.309565217391304515e+01 1.310000000000000000e+02 1.065000000000000000e+02
1.252173913043478137e+00 0.000000000000000000e+00 6.926086956521738003e+00 6.963636363636364024e+01 6.881818181818181301e+01
8.727272727272726849e-01 0.000000000000000000e+00 3.460869565217390864e+00 4.618181818181817988e+01 5.522727272727272663e+01
1.000000000000000000e+00 0.000000000000000000e+00 7.947826086956522040e+00 9.431818181818181301e+01 9.431818181818181301e+01
1.748005582880388931e-01 0.000000000000000000e+00 7.134782608695651618e+00 9.563636363636364024e+01 8.995454545454545325e+01
1.748005582880388931e-01 0.000000000000000000e+00 1.120869565217391362e+01 1.180476190476190510e+02 1.055238095238095184e+02
1.748005582880388931e-01 0.000000000000000000e+00 1.139565217391304408e+01 1.216818181818181870e+02 1.101818181818181870e+02
1.748005582880388931e-01 0.000000000000000000e+00 1.216086956521739104e+01 1.170000000000000000e+02 1.110000000000000000e+02
1.826315789473683893e+00 0.000000000000000000e+00 9.230434782608693212e+00 9.059090909090909349e+01 9.522727272727273373e+01
9.391304347826086030e-01 0.000000000000000000e+00 5.573913043478260221e+00 4.927272727272727337e+01 5.745454545454545325e+01
1.254545454545454186e+00 0.000000000000000000e+00 9.243478260869565588e+00 8.485714285714286120e+01 1.000952380952381020e+02
1.748005582880388931e-01 0.000000000000000000e+00 1.024347826086956559e+01 1.371904761904762040e+02 1.146666666666666714e+02
1.748005582880388931e-01 0.000000000000000000e+00 8.473913043478258800e+00 8.500000000000000000e+01 7.800000000000000000e+01
1.748005582880388931e-01 0.000000000000000000e+00 7.660869565217391042e+00 9.161538461538461320e+01 9.423076923076922640e+01
2.078947368421052655e+00 0.000000000000000000e+00 1.060869565217391219e+01 1.280909090909090935e+02 8.959090909090909349e+01
1.234782608695652373e+00 0.000000000000000000e+00 6.543478260869566299e+00 6.250000000000000000e+01 6.854545454545454675e+01
1.056521739130434678e+00 0.000000000000000000e+00 4.852173913043477782e+00 4.768181818181817988e+01 5.536363636363636687e+01
1.500000000000000000e+00 0.000000000000000000e+00 8.221052631578947612e+00 6.354545454545454675e+01 6.054545454545454675e+01
1.495652173913043725e+00 0.000000000000000000e+00 8.986956521739129400e+00 8.331818181818181301e+01 6.581818181818181301e+01
1.291304347826086829e+00 0.000000000000000000e+00 7.047826086956521685e+00 6.709090909090909349e+01 5.277272727272727337e+01
1.295454545454545636e+00 0.000000000000000000e+00 6.652173913043478493e+00 6.527272727272726627e+01 6.177272727272727337e+01
1.008695652173912993e+00 0.000000000000000000e+00 5.069565217391303946e+00 5.722727272727272663e+01 6.850000000000000000e+01
8.434782608695651218e-01 0.000000000000000000e+00 4.304347826086956097e+00 4.563636363636363313e+01 5.340909090909090651e+01
7.636363636363636687e-01 0.000000000000000000e+00 3.830434782608695965e+00 3.395454545454545325e+01 4.663636363636363313e+01
1.117391304347826297e+00 0.000000000000000000e+00 6.086956521739129045e+00 7.318181818181818699e+01 6.822727272727273373e+01
1.239999999999999991e+00 0.000000000000000000e+00 6.791304347826086385e+00 8.688888888888888573e+01 6.377777777777777857e+01
1.512500000000000178e+00 0.000000000000000000e+00 6.904347826086956630e+00 8.237500000000000000e+01 6.587500000000000000e+01
1.094999999999999973e+00 0.000000000000000000e+00 5.921739130434781728e+00 3.984210526315789735e+01 4.347368421052631504e+01
1.748005582880388931e-01 0.000000000000000000e+00 5.778260869565217561e+00 1.692539544387481101e+02 1.160909890025348190e+01
1.748005582880388931e-01 0.000000000000000000e+00 4.099999999999999645e+00 1.692539544387481101e+02 1.160909890025348190e+01
1.748005582880388931e-01 0.000000000000000000e+00 4.869565217391304657e+00 1.692539544387481101e+02 1.160909890025348190e+01
1.349999999999999867e+00 0.000000000000000000e+00 6.304347826086956097e+00 5.692857142857143060e+01 6.569230769230769340e+01
1.391304347826086918e+00 0.000000000000000000e+00 7.273913043478260398e+00 9.381818181818181301e+01 8.509090909090909349e+01
1.517391304347825987e+00 0.000000000000000000e+00 7.760869565217393351e+00 8.881818181818181301e+01 7.481818181818181301e+01
1.349999999999999867e+00 0.000000000000000000e+00 2.879999999999999893e+00 7.872727272727273373e+01 6.981818181818181301e+01
1.643478260869565499e+00 0.000000000000000000e+00 2.432308862809162253e+00 1.088181818181818130e+02 8.818181818181818699e+01
9.692307692307692291e-01 0.000000000000000000e+00 6.442857142857143060e+00 5.791666666666666430e+01 5.916666666666666430e+01
1.748005582880388931e-01 0.000000000000000000e+00 6.586956521739129045e+00 1.692539544387481101e+02 1.160909890025348190e+01
1.748005582880388931e-01 0.000000000000000000e+00 1.084782608695652328e+01 1.692539544387481101e+02 1.160909890025348190e+01
2.160000000000000142e+00 0.000000000000000000e+00 1.103478260869565197e+01 1.950000000000000000e+02 9.522222222222222854e+01
2.252173913043478581e+00 0.000000000000000000e+00 1.306521739130434767e+01 2.610909090909090651e+02 1.099545454545454533e+02
1.822222222222221966e+00 0.000000000000000000e+00 1.356956521739130572e+01 1.900000000000000000e+02 7.150000000000000000e+01
3.314285714285714057e+00 0.000000000000000000e+00 1.372173913043478599e+01 1.692539544387481101e+02 1.160909890025348190e+01
1.699999999999999956e+00 0.000000000000000000e+00 9.060869565217393173e+00 1.692539544387481101e+02 1.160909890025348190e+01
1.108695652173913082e+00 0.000000000000000000e+00 4.643478260869565943e+00 1.692539544387481101e+02 1.160909890025348190e+01
1.427272727272727471e+00 0.000000000000000000e+00 6.143478260869565943e+00 1.692539544387481101e+02 1.160909890025348190e+01
1.923809523809524080e+00 0.000000000000000000e+00 9.918181818181817988e+00 1.935000000000000000e+02 7.266666666666667140e+01
3.328571428571429180e+00 0.000000000000000000e+00 1.951428571428571246e+01 3.835000000000000000e+02 1.598333333333333428e+02
2.273913043478260843e+00 0.000000000000000000e+00 1.380434782608695876e+01 3.414545454545454390e+02 1.368636363636363740e+02
1.982608695652174013e+00 0.000000000000000000e+00 1.177826086956521934e+01 2.974545454545454390e+02 1.253636363636363598e+02
1.748005582880388931e-01 0.000000000000000000e+00 9.043478260869566299e+00 1.692539544387481101e+02 1.160909890025348190e+01
1.748005582880388931e-01 0.000000000000000000e+00 8.017391304347826875e+00 1.692539544387481101e+02 1.160909890025348190e+01
2.969230769230769340e+00 0.000000000000000000e+00 1.587826086956521365e+01 4.380000000000000000e+02 1.400000000000000000e+02
6.999999999999999556e-01 0.000000000000000000e+00 1.252173913043477782e+01 1.100000000000000000e+02 5.100000000000000000e+01
3.671428571428571264e+00 0.000000000000000000e+00 1.484782608695652506e+01 3.725714285714285552e+02 1.180000000000000000e+02
2.130434782608695787e+00 0.000000000000000000e+00 1.181739130434782581e+01 3.028999999999999773e+02 8.900000000000000000e+01
1.552173913043478404e+00 0.000000000000000000e+00 8.073913043478261997e+00 2.307272727272727195e+02 8.590909090909090651e+01
1.368181818181818166e+00 0.000000000000000000e+00 6.256521739130435300e+00 1.801818181818181870e+02 8.577272727272726627e+01
1.956521739130434812e+00 0.000000000000000000e+00 9.500000000000001776e+00 2.137272727272727195e+02 1.018636363636363598e+02
2.763636363636363669e+00 0.000000000000000000e+00 1.537391304347825915e+01 3.171904761904762040e+02 1.252380952380952408e+02
3.078260869565217384e+00 0.000000000000000000e+00 1.650434782608695627e+01 3.499545454545454390e+02 1.349545454545454675e+02
2.830434782608695965e+00 0.000000000000000000e+00 1.557826086956521827e+01 3.195000000000000000e+02 1.279090909090909065e+02
2.527272727272727337e+00 0.000000000000000000e+00 1.399565217391304195e+01 2.613636363636363740e+02 1.147272727272727337e+02
2.447826086956522040e+00 0.000000000000000000e+00 1.311304347826087024e+01 3.152272727272727479e+02 1.016818181818181870e+02
1.243478260869565144e+00 0.000000000000000000e+00 5.317391304347825809e+00 1.131818181818181870e+02 3.968181818181817988e+01
1.504545454545454630e+00 0.000000000000000000e+00 6.278260869565217561e+00 1.906818181818181870e+02 7.768181818181818699e+01
2.160869565217391042e+00 0.000000000000000000e+00 1.083913043478261251e+01 3.095454545454545610e+02 1.084545454545454533e+02
2.913043478260868735e+00 0.000000000000000000e+00 1.612608695652173907e+01 3.969545454545454390e+02 1.356818181818181870e+02
2.850000000000000089e+00 0.000000000000000000e+00 1.528260869565217384e+01 3.521818181818181870e+02 1.333181818181818130e+02
3.333333333333333481e+00 0.000000000000000000e+00 1.653913043478261002e+01 3.447272727272727479e+02 1.291818181818181870e+02
2.747058823529412219e+00 0.000000000000000000e+00 1.647272727272727266e+01 3.620000000000000000e+02 1.058125000000000000e+02
1.748005582880388931e-01 0.000000000000000000e+00 1.041739130434782545e+01 1.692539544387481101e+02 1.160909890025348190e+01
1.748005582880388931e-01 0.000000000000000000e+00 8.260869565217392463e+00 1.692539544387481101e+02 1.160909890025348190e+01
1.748005582880388931e-01 0.000000000000000000e+00 1.634782608695652328e+01 1.692539544387481101e+02 1.160909890025348190e+01
1.748005582880388931e-01 0.000000000000000000e+00 1.873913043478260931e+01 1.692539544387481101e+02 1.160909890025348190e+01
1.748005582880388931e-01 0.000000000000000000e+00 1.699999999999999645e+01 1.692539544387481101e+02 1.160909890025348190e+01
4.187500000000000000e+00 0.000000000000000000e+00 1.646086956521739353e+01 3.731250000000000000e+02 9.837500000000000000e+01
2.634782608695652062e+00 0.000000000000000000e+00 1.612173913043478635e+01 3.240454545454545610e+02 8.190909090909090651e+01
2.565217391304347672e+00 0.000000000000000000e+00 1.420434782608695379e+01 2.930000000000000000e+02 8.145454545454545325e+01
1.522727272727272707e+00 0.000000000000000000e+00 6.791304347826086385e+00 1.881818181818181870e+02 6.509090909090909349e+01
2.504347826086956275e+00 0.000000000000000000e+00 1.363913043478260612e+01 3.119090909090909349e+02 7.250000000000000000e+01
1.287500000000000089e+00 0.000000000000000000e+00 7.678260869565217028e+00 2.117142857142857224e+02 6.428571428571429180e+01
1.350000000000000089e+00 0.000000000000000000e+00 5.382608695652173481e+00 2.835000000000000000e+02 7.500000000000000000e+01
1.748005582880388931e-01 0.000000000000000000e+00 8.521739130434783149e+00 1.692539544387481101e+02 1.160909890025348190e+01
1.748005582880388931e-01 0.000000000000000000e+00 1.306086956521739317e+01 1.692539544387481101e+02 1.160909890025348190e+01
1.748005582880388931e-01 0.000000000000000000e+00 7.100000000000000533e+00 1.692539544387481101e+02 1.160909890025348190e+01
1.748005582880388931e-01 0.000000000000000000e+00 6.569565217391305723e+00 1.692539544387481101e+02 1.160909890025348190e+01
1.748005582880388931e-01 0.000000000000000000e+00 1.669130434782608674e+01 1.692539544387481101e+02 1.160909890025348190e+01
1.748005582880388931e-01 0.000000000000000000e+00 1.870434782608695912e+01 1.692539544387481101e+02 1.160909890025348190e+01
5.650000000000000355e+00 0.000000000000000000e+00 2.361739130434782652e+01 6.306250000000000000e+02 1.397500000000000000e+02
3.122727272727273018e+00 0.000000000000000000e+00 1.763478260869565162e+01 3.595714285714285552e+02 9.571428571428570820e+01
3.159090909090908283e+00 0.000000000000000000e+00 1.776521739130435051e+01 3.355909090909090651e+02 9.340909090909090651e+01
2.613636363636363757e+00 0.000000000000000000e+00 1.355652173913043512e+01 3.378181818181818130e+02 8.940909090909090651e+01
1.972727272727272885e+00 0.000000000000000000e+00 9.960869565217391752e+00 2.207727272727272805e+02 7.290909090909090651e+01
3.750000000000000444e+00 0.000000000000000000e+00 2.053043478260869747e+01 4.970454545454545610e+02 9.686363636363635976e+01
3.740909090909090740e+00 0.000000000000000000e+00 2.026956521739130324e+01 4.757272727272727479e+02 1.115454545454545467e+02
2.404545454545454319e+00 0.000000000000000000e+00 1.303478260869565197e+01 3.243181818181818130e+02 9.495454545454545325e+01
2.754545454545454408e+00 0.000000000000000000e+00 1.460434782608695592e+01 3.966363636363636260e+02 9.340909090909090651e+01
2.622727272727273018e+00 0.000000000000000000e+00 1.258695652173913082e+01 3.409545454545454390e+02 1.060000000000000000e+02
2.904545454545454319e+00 0.000000000000000000e+00 1.395652173913043548e+01 3.959090909090909349e+02 1.099545454545454533e+02
2.181818181818182101e+00 0.000000000000000000e+00 1.007391304347826022e+01 2.575909090909090651e+02 6.836363636363635976e+01
2.727272727272727959e+00 0.000000000000000000e+00 1.342173913043478528e+01 3.255000000000000000e+02 7.490909090909090651e+01
4.422727272727272840e+00 0.000000000000000000e+00 2.307391304347825667e+01 5.113636363636363740e+02 1.040454545454545467e+02
2.618181818181818166e+00 0.000000000000000000e+00 1.399130434782608745e+01 3.164090909090909349e+02 8.281818181818181301e+01
2.766666666666666607e+00 0.000000000000000000e+00 1.929565217391304444e+01 4.506818181818181870e+02 1.033181818181818130e+02
3.156521739130435211e+00 0.000000000000000000e+00 1.831739130434782581e+01 4.148181818181818130e+02 9.854545454545454675e+01
2.378260869565217206e+00 0.000000000000000000e+00 1.239565217391303875e+01 3.369090909090909349e+02 8.968181818181818699e+01
1.309090909090909305e+00 0.000000000000000000e+00 5.095652173913044258e+00 1.479090909090909065e+02 6.709090909090909349e+01
1.763157894736842035e+00 0.000000000000000000e+00 8.691304347826086740e+00 2.471764705882353041e+02 9.588235294117646390e+01
2.599999999999999645e+00 0.000000000000000000e+00 1.061304347826086847e+01 1.692539544387481101e+02 1.160909890025348190e+01
1.821739130434782750e+00 0.000000000000000000e+00 7.991304347826087451e+00 3.640500000000000114e+02 1.280000000000000000e+02
2.930434782608695166e+00 0.000000000000000000e+00 1.319130434782608852e+01 5.461363636363636260e+02 1.555454545454545325e+02
2.009090909090909260e+00 0.000000000000000000e+00 7.973913043478262352e+00 2.860000000000000000e+02 1.152272727272727337e+02
1.960869565217390642e+00 0.000000000000000000e+00 8.021739130434783149e+00 2.869090909090909349e+02 1.177727272727272663e+02
6.043478260869564744e-01 0.000000000000000000e+00 1.400000000000000133e+00 9.431818181818181301e+01 5.486363636363636687e+01
1.740909090909090740e+00 0.000000000000000000e+00 6.473913043478261464e+00 2.729090909090909349e+02 1.128181818181818130e+02
2.369565217391304657e+00 0.000000000000000000e+00 1.020000000000000107e+01 4.369545454545454390e+02 1.468636363636363740e+02
3.450000000000000178e+00 0.000000000000000000e+00 1.517826086956522147e+01 5.961904761904761472e+02 1.770952380952381020e+02
3.404347826086955742e+00 0.000000000000000000e+00 1.462608695652173729e+01 5.624090909090908781e+02 1.853636363636363740e+02
3.986956521739129400e+00 0.000000000000000000e+00 1.280000000000000071e+01 4.285000000000000000e+02 1.522727272727272805e+02
1.909090909090909394e+00 0.000000000000000000e+00 9.221739130434782439e+00 3.699545454545454390e+02 1.530909090909090935e+02
9.545454545454546968e-01 0.000000000000000000e+00 6.978260869565217739e+00 2.978636363636363740e+02 1.408181818181818130e+02
2.852380952380952017e+00 0.000000000000000000e+00 2.129565217391304088e+01 7.316818181818181301e+02 1.888181818181818130e+02
5.231818181818182367e+00 0.000000000000000000e+00 2.437391304347825738e+01 8.691363636363636260e+02 1.649090909090909065e+02
3.465217391304347139e+00 0.000000000000000000e+00 1.619999999999999929e+01 5.940000000000000000e+02 1.260454545454545467e+02
2.886956521739130199e+00 0.000000000000000000e+00 1.366956521739130359e+01 5.181363636363636260e+02 1.282727272727272805e+02
4.740909090909091184e+00 0.000000000000000000e+00 2.095652173913043370e+01 7.775909090909091219e+02 1.618181818181818130e+02
3.730434782608695432e+00 0.000000000000000000e+00 1.559565217391304337e+01 5.919090909090908781e+02 1.302272727272727195e+02
2.181818181818181657e+00 0.000000000000000000e+00 7.052173913043477960e+00 2.990000000000000000e+02 9.454545454545454675e+01
2.665217391304347316e+00 0.000000000000000000e+00 1.168695652173913047e+01 4.062727272727272521e+02 1.110909090909090935e+02
2.678260869565217028e+00 0.000000000000000000e+00 1.121304347826086811e+01 3.400000000000000000e+02 1.148636363636363598e+02
3.254545454545454408e+00 0.000000000000000000e+00 1.368695652173913047e+01 5.322727272727272521e+02 1.280454545454545325e+02
3.843478260869564789e+00 0.000000000000000000e+00 1.828260869565217561e+01 6.235000000000000000e+02 1.240000000000000000e+02
3.552173913043478404e+00 0.000000000000000000e+00 1.623043478260869321e+01 5.299545454545454959e+02 1.225454545454545467e+02
2.386363636363636243e+00 0.000000000000000000e+00 8.921739130434783505e+00 4.135000000000000000e+02 1.006818181818181870e+02
1.352173913043478226e+00 0.000000000000000000e+00 4.034782608695651973e+00 1.884545454545454675e+02 8.068181818181818699e+01
2.447826086956522040e+00 0.000000000000000000e+00 1.159130434782608710e+01 3.665454545454545610e+02 1.064545454545454533e+02
2.427272727272727249e+00 0.000000000000000000e+00 1.122608695652174049e+01 3.574090909090909349e+02 1.041363636363636402e+02
1.895652173913043637e+00 0.000000000000000000e+00 7.056521739130432458e+00 2.790909090909090651e+02 9.250000000000000000e+01
1.378260869565217428e+00 0.000000000000000000e+00 4.856521739130434945e+00 2.077272727272727195e+02 8.850000000000000000e+01
1.777272727272727337e+00 0.000000000000000000e+00 6.891304347826086918e+00 2.769545454545454390e+02 1.052272727272727337e+02
1.943478260869565100e+00 0.000000000000000000e+00 8.439130434782606827e+00 3.170909090909090651e+02 1.208181818181818130e+02
2.834782608695652240e+00 0.000000000000000000e+00 1.125217391304347814e+01 4.145454545454545610e+02 1.318181818181818130e+02
3.540909090909091006e+00 0.000000000000000000e+00 1.734347826086956346e+01 5.833636363636363740e+02 1.546363636363636260e+02
3.760869565217390686e+00 0.000000000000000000e+00 1.606250000000000000e+01 6.266363636363636260e+02 1.546818181818181870e+02
3.095652173913042926e+00 0.000000000000000000e+00 2.432308862809162253e+00 5.767727272727272521e+02 1.347727272727272805e+02
4.527272727272727337e+00 0.000000000000000000e+00 2.432308862809162253e+00 8.077727272727272521e+02 1.658181818181818130e+02
3.382608695652173925e+00 0.000000000000000000e+00 1.092500000000000071e+01 5.714090909090908781e+02 1.458181818181818130e+02
1.747826086956521641e+00 0.000000000000000000e+00 7.760869565217391575e+00 3.141363636363636260e+02 1.115909090909090935e+02
2.690909090909090917e+00 0.000000000000000000e+00 9.226086956521738713e+00 3.645909090909090651e+02 1.274090909090909065e+02
2.326086956521739246e+00 0.000000000000000000e+00 5.039130434782607360e+00 2.164545454545454675e+02 1.045909090909090935e+02
2.073913043478260665e+00 0.000000000000000000e+00 8.469565217391306078e+00 3.474090909090909349e+02 1.340909090909090935e+02
2.254545454545454408e+00 0.000000000000000000e+00 7.839130434782608070e+00 3.475909090909090651e+02 1.347727272727272805e+02
4.152173913043478493e+00 0.000000000000000000e+00 1.582173913043478386e+01 6.130000000000000000e+02 1.741363636363636260e+02
5.352173913043477782e+00 0.000000000000000000e+00 1.629444444444444429e+01 5.795000000000000000e+02 1.655909090909090935e+02
3.831818181818181568e+00 0.000000000000000000e+00 1.299565217391304550e+01 4.395000000000000000e+02 1.466363636363636260e+02
1.378260869565217428e+00 0.000000000000000000e+00 4.652173913043478493e+00 2.200909090909090935e+02 1.036363636363636402e+02
1.534782608695652417e+00 0.000000000000000000e+00 5.717391304347826164e+00 2.225000000000000000e+02 1.070909090909090935e+02
1.748005582880388931e-01 0.000000000000000000e+00 9.682608695652174191e+00 1.692539544387481101e+02 1.160909890025348190e+01
1.748005582880388931e-01 0.000000000000000000e+00 3.917391304347825898e+00 1.692539544387481101e+02 1.160909890025348190e+01
1.748005582880388931e-01 0.000000000000000000e+00 4.139130434782608781e+00 1.692539544387481101e+02 1.160909890025348190e+01
1.748005582880388931e-01 0.000000000000000000e+00 3.982608695652173125e+00 1.692539544387481101e+02 1.160909890025348190e+01
2.134782608695652506e+00 0.000000000000000000e+00 7.313043478260868646e+00 3.111818181818181870e+02 1.284090909090909065e+02
2.056521739130435122e+00 0.000000000000000000e+00 6.174999999999999822e+00 3.304090909090909349e+02 1.327272727272727195e+02
2.513636363636363669e+00 0.000000000000000000e+00 2.432308862809162253e+00 3.910000000000000000e+02 1.384090909090909065e+02
2.534782608695651973e+00 0.000000000000000000e+00 2.432308862809162253e+00 3.942272727272727479e+02 1.485000000000000000e+02
3.073913043478260221e+00 0.000000000000000000e+00 1.354347826086956275e+01 4.898181818181818130e+02 1.487727272727272805e+02
1.672727272727272840e+00 0.000000000000000000e+00 6.247826086956522751e+00 2.374545454545454675e+02 1.180454545454545467e+02
2.726086956521739157e+00 0.000000000000000000e+00 1.100000000000000000e+01 4.277272727272727479e+02 1.278181818181818130e+02
2.778260869565217117e+00 0.000000000000000000e+00 1.083043478260869463e+01 4.404545454545454390e+02 1.421363636363636260e+02
1.709090909090909216e+00 0.000000000000000000e+00 6.834782608695651795e+00 2.311363636363636260e+02 1.120000000000000000e+02
2.133333333333333304e+00 0.000000000000000000e+00 1.276521739130434874e+01 3.897272727272727479e+02 1.231363636363636402e+02
2.856521739130434501e+00 0.000000000000000000e+00 1.404347826086956275e+01 4.409545454545454390e+02 1.319090909090909065e+02
3.368181818181818610e+00 0.000000000000000000e+00 1.558260869565217455e+01 5.663636363636363740e+02 1.499545454545454675e+02
2.669565217391304035e+00 0.000000000000000000e+00 1.253913043478261002e+01 4.372272727272727479e+02 1.281363636363636260e+02
3.169565217391304035e+00 0.000000000000000000e+00 1.418695652173912869e+01 5.026363636363636260e+02 1.427272727272727195e+02
2.699999999999999734e+00 0.000000000000000000e+00 1.062173913043478279e+01 4.319545454545454390e+02 1.496818181818181870e+02
1.430434782608695610e+00 0.000000000000000000e+00 4.617391304347826519e+00 2.250000000000000000e+02 1.237272727272727337e+02
2.904347826086956186e+00 0.000000000000000000e+00 1.308260869565217099e+01 4.759545454545454390e+02 1.613181818181818130e+02
3.149999999999999911e+00 0.000000000000000000e+00 1.497826086956521507e+01 6.305000000000000000e+02 1.723636363636363740e+02
9.882352941176471006e-01 0.000000000000000000e+00 4.539130434782608248e+00 1.922727272727272805e+02 1.122272727272727337e+02
2.565217391304347672e+00 0.000000000000000000e+00 1.088260869565217348e+01 4.192727272727272521e+02 1.379090909090909065e+02
3.127272727272726982e+00 0.000000000000000000e+00 1.765217391304347672e+01 6.157272727272727479e+02 1.652272727272727195e+02
1.061904761904761907e+00 0.000000000000000000e+00 1.363478260869565339e+01 5.226363636363636260e+02 1.832272727272727195e+02
1.748005582880388931e-01 0.000000000000000000e+00 5.717391304347826164e+00 2.265000000000000000e+02 1.403181818181818130e+02
9.500000000000000666e-01 0.000000000000000000e+00 5.465217391304347139e+00 2.071428571428571388e+02 1.290952380952381020e+02
4.666666666666666186e-01 0.000000000000000000e+00 2.856521739130434501e+00 1.511363636363636260e+02 9.963636363636364024e+01
5.312499999999998890e-01 0.000000000000000000e+00 3.334782608695652240e+00 1.672727272727272805e+02 1.116363636363636402e+02
1.428571428571428825e+00 0.000000000000000000e+00 4.421739130434781728e+00 1.986818181818181870e+02 1.268181818181818130e+02
1.465217391304347583e+00 0.000000000000000000e+00 4.075000000000000178e+00 2.074545454545454675e+02 1.389090909090909065e+02
9.913043478260870067e-01 0.000000000000000000e+00 2.104545454545454497e+00 1.222272727272727337e+02 8.940909090909090651e+01
9.727272727272726627e-01 0.000000000000000000e+00 1.952173913043478537e+00 1.324545454545454675e+02 9.700000000000000000e+01
2.645454545454545059e+00 0.000000000000000000e+00 1.124782608695652186e+01 4.224285714285714448e+02 1.847619047619047592e+02
2.934782608695652328e+00 0.000000000000000000e+00 1.230000000000000071e+01 5.157272727272727479e+02 1.637272727272727195e+02
3.382608695652173925e+00 0.000000000000000000e+00 1.255217391304348062e+01 4.682727272727272521e+02 1.635454545454545325e+02
2.759090909090909260e+00 0.000000000000000000e+00 1.287391304347826448e+01 5.216818181818181301e+02 2.047272727272727195e+02
1.878260869565216984e+00 0.000000000000000000e+00 8.560869565217393173e+00 3.503636363636363740e+02 1.816818181818181870e+02
1.426086956521739113e+00 0.000000000000000000e+00 5.404347826086956630e+00 2.742272727272727479e+02 1.657727272727272805e+02
1.168181818181818210e+00 0.000000000000000000e+00 3.226086956521739157e+00 1.771363636363636260e+02 1.314545454545454675e+02
1.408695652173912904e+00 0.000000000000000000e+00 4.817391304347826697e+00 2.214545454545454675e+02 1.530909090909090935e+02
1.460869565217391308e+00 0.000000000000000000e+00 5.187500000000000000e+00 2.485000000000000000e+02 1.547727272727272805e+02
2.045454545454545414e+00 0.000000000000000000e+00 2.432308862809162253e+00 2.473181818181818130e+02 1.599545454545454675e+02
3.013043478260870156e+00 0.000000000000000000e+00 2.432308862809162253e+00 3.776363636363636260e+02 1.759090909090909065e+02
4.243478260869564700e+00 0.000000000000000000e+00 1.413333333333333286e+01 6.258181818181818699e+02 2.267727272727272805e+02
3.477272727272727071e+00 0.000000000000000000e+00 1.525652173913043441e+01 5.852272727272727479e+02 2.156818181818181870e+02
2.256521739130434856e+00 0.000000000000000000e+00 9.356521739130435833e+00 3.098181818181818130e+02 1.459545454545454675e+02
1.699999999999999956e+00 0.000000000000000000e+00 8.421739130434781728e+00 2.266363636363636260e+02 1.375454545454545325e+02
1.477272727272727293e+00 0.000000000000000000e+00 5.739130434782608425e+00 2.336818181818181870e+02 1.346363636363636260e+02
2.217391304347826164e+00 0.000000000000000000e+00 9.178260869565217916e+00 3.748181818181818130e+02 1.785909090909090935e+02
1.726086956521739157e+00 0.000000000000000000e+00 6.017391304347827763e+00 2.554545454545454675e+02 1.484090909090909065e+02
1.904545454545454097e+00 0.000000000000000000e+00 7.047826086956521685e+00 2.905000000000000000e+02 1.516818181818181870e+02
1.743478260869564922e+00 0.000000000000000000e+00 6.156521739130434767e+00 2.814545454545454390e+02 1.676363636363636260e+02
1.156521739130434767e+00 0.000000000000000000e+00 3.252173913043477693e+00 1.459090909090909065e+02 1.086363636363636402e+02
2.040909090909091006e+00 0.000000000000000000e+00 7.230434782608694988e+00 2.711363636363636260e+02 1.625000000000000000e+02
2.047826086956521685e+00 0.000000000000000000e+00 7.965217391304346251e+00 3.055909090909090651e+02 1.805000000000000000e+02
1.721739130434782661e+00 0.000000000000000000e+00 6.330434782608695521e+00 2.823636363636363740e+02 1.780454545454545325e+02
2.272727272727272929e+00 0.000000000000000000e+00 8.769565217391305012e+00 3.870000000000000000e+02 2.044090909090909065e+02
2.426086956521739335e+00 0.000000000000000000e+00 9.604347826086955919e+00 3.374499999999999886e+02 1.608499999999999943e+02
2.321739130434782528e+00 0.000000000000000000e+00 5.152173913043478493e+00 2.169090909090909065e+02 1.280909090909090935e+02
1.622727272727272796e+00 0.000000000000000000e+00 4.095652173913043370e+00 1.970454545454545325e+02 1.247272727272727337e+02
1.000000000000000000e+00 0.000000000000000000e+00 2.586956521739130377e+00 1.578181818181818130e+02 9.904545454545454675e+01
1.039130434782608692e+00 0.000000000000000000e+00 3.008695652173912993e+00 1.870909090909090935e+02 1.008181818181818130e+02
1.922727272727272174e+00 0.000000000000000000e+00 7.691304347826087628e+00 3.356363636363636260e+02 1.518636363636363740e+02
2.199999999999999734e+00 0.000000000000000000e+00 8.273913043478259510e+00 3.888636363636363740e+02 1.604545454545454675e+02
2.947826086956521596e+00 0.000000000000000000e+00 1.157826086956522005e+01 4.503636363636363740e+02 1.710000000000000000e+02
1.772727272727273151e+00 0.000000000000000000e+00 6.378260869565218094e+00 2.567272727272727479e+02 1.511363636363636260e+02
1.286956521739130332e+00 0.000000000000000000e+00 3.647826086956520886e+00 1.621363636363636260e+02 1.181818181818181870e+02
1.560869565217391175e+00 0.000000000000000000e+00 5.221739130434783327e+00 2.554090909090909065e+02 1.463636363636363740e+02
2.531818181818181746e+00 0.000000000000000000e+00 1.052608695652173942e+01 4.266818181818181870e+02 1.788181818181818130e+02
2.673913043478260310e+00 0.000000000000000000e+00 1.159130434782608710e+01 4.240909090909090651e+02 1.560000000000000000e+02
2.382608695652173925e+00 0.000000000000000000e+00 1.012173913043478279e+01 4.060952380952380736e+02 1.521428571428571388e+02
1.695454545454545103e+00 0.000000000000000000e+00 1.060000000000000142e+01 3.859130434782608745e+02 1.606086956521739069e+02
7.263157894736842479e-01 0.000000000000000000e+00 5.639130434782607892e+00 2.359565217391304373e+02 1.281304347826086882e+02
9.117647058823529216e-01 0.000000000000000000e+00 5.513043478260867936e+00 2.450434782608695627e+02 1.250869565217391255e+02
2.500000000000000000e+00 0.000000000000000000e+00 1.110434782608695770e+01 3.689130434782608745e+02 1.480000000000000000e+02
2.534782608695651529e+00 0.000000000000000000e+00 1.147826086956521685e+01 3.704782608695651902e+02 1.474782608695652186e+02
2.578260869565217384e+00 0.000000000000000000e+00 1.212173913043478279e+01 3.946086956521739353e+02 1.644347826086956559e+02
2.536363636363636598e+00 0.000000000000000000e+00 1.106086956521739140e+01 3.660869565217391255e+02 1.577391304347825951e+02
2.730434782608695876e+00 0.000000000000000000e+00 1.209999999999999964e+01 3.815217391304348098e+02 1.669565217391304373e+02
1.899999999999999911e+00 0.000000000000000000e+00 7.291304347826087273e+00 2.637826086956521863e+02 1.406086956521739069e+02
1.604545454545454497e+00 0.000000000000000000e+00 5.473913043478260576e+00 2.168260869565217490e+02 1.119565217391304373e+02
2.591304347826087096e+00 0.000000000000000000e+00 1.127826086956521578e+01 3.244347826086956275e+02 1.381304347826086882e+02
2.482608695652173569e+00 0.000000000000000000e+00 1.082608695652174191e+01 2.969565217391304373e+02 1.244782608695652186e+02
2.959090909090909438e+00 0.000000000000000000e+00 1.341739130434782723e+01 3.880869565217391255e+02 1.417391304347825951e+02
2.708695652173913615e+00 0.000000000000000000e+00 1.348695652173913295e+01 4.223478260869565020e+02 1.355217391304347814e+02
2.526086956521738980e+00 0.000000000000000000e+00 1.315652173913043654e+01 3.721304347826086882e+02 1.373913043478260931e+02
1.713636363636363846e+00 0.000000000000000000e+00 8.234782608695653039e+00 2.477826086956521863e+02 1.056086956521739069e+02
1.326086956521739246e+00 0.000000000000000000e+00 4.226086956521738713e+00 1.842608695652174049e+02 9.217391304347826519e+01
1.495652173913043725e+00 0.000000000000000000e+00 4.934782608695652328e+00 2.019130434782608745e+02 1.026956521739130466e+02
2.377272727272726982e+00 0.000000000000000000e+00 1.033043478260869641e+01 3.078260869565217490e+02 1.240000000000000000e+02
1.947826086956521818e+00 0.000000000000000000e+00 9.169565217391305367e+00 2.648260869565217490e+02 1.230434782608695627e+02
1.395652173913043637e+00 0.000000000000000000e+00 5.239130434782608425e+00 1.867826086956521863e+02 1.006956521739130466e+02
1.127272727272727204e+00 0.000000000000000000e+00 3.495652173913043725e+00 1.658695652173913118e+02 1.093478260869565162e+02
8.260869565217391353e-01 0.000000000000000000e+00 2.386956521739130199e+00 1.363913043478260931e+02 9.695652173913043725e+01
1.156521739130434767e+00 0.000000000000000000e+00 4.395652173913043192e+00 1.688695652173913118e+02 1.115217391304347814e+02
