9957.000300 
10258.000300 
6828.000300 
8627.000300 
8438.000300 
10388.000300 
7659.000300 
9993.000300 
5818.000300 
9711.000300 
7031.000300 
7488.000300 
6661.000300 
7714.000300 
10391.000300 
8028.000300 
9794.000300 
7917.000300 
9217.000300 
10637.000300 
8484.000300 
7325.000300 
8679.000300 
7631.000300 
8129.000300 
6576.000300 
10815.000300 
8161.000300 
8265.000300 
8067.000300 
7704.000300 
9724.000300 
8398.000300 
8702.000300 
7198.000300 
9662.000300 
8336.000300 
8908.000300 
9931.000300 
6896.000300 
6214.000300 
9545.000300 
11931.000300 
9434.000300 
7023.000300 
7795.000300 
11715.000300 
9261.000300 
9773.000300 
9135.000300 
8869.000300 
8697.000300 
10797.000300 
5897.000300 
10308.000300 
8151.000300 
6802.000300 
12205.000300 
10283.000300 
11465.000300 
7765.000300 
11629.000300 
8934.000300 
11893.000300 
8969.000300 
11446.000300 
10475.000300 
7600.000300 
10716.000300 
11032.000300 
8916.000300 
11243.000300 
9883.000300 
10133.000300 
10382.000300 
9604.000300 
8843.000300 
11143.000300 
8312.000300 
9398.000300 
9064.000300 
8647.000300 
10074.000300 
8749.000300 
5868.000300 
8246.000300 
8177.000300 
9654.000300 
7808.000300 
9550.000300 
7348.000300 
10027.000300 
8819.000300 
9929.000300 
8829.000300 
7686.000300 
10341.000300 
9166.000300 
8699.000300 
9359.000300 
7277.000300 
9376.000300 
10535.000300 
8174.000300 
9332.000300 
9395.000300 
8057.000300 
11524.000300 
8036.000300 
7385.000300 
6911.000300 
9049.000300 
9558.000300 
9612.000300 
7787.000300 
6543.000300 
8993.000300 
8046.000300 
7469.000300 
9895.000300 
7693.000300 
10514.000300 
7808.000300 
9351.000300 
6284.000300 
9835.000300 
8372.000300 
8668.000300 
7830.000300 
7951.000300 
9677.000300 
8015.000300 
10326.000300 
9613.000300 
6030.000300 
7281.000300 
8668.000300 
7980.000300 
8816.000300 
8690.000300 
11163.000300 
6984.000300 
7968.000300 
8014.000300 
10821.000300 
7468.000300 
6961.000300 
9277.000300 
6565.000300 
7058.000300 
11274.000300 
9143.000300 
11738.000300 
8558.000300 
8381.000300 
10335.000300 
5327.000300 
9962.000300 
8516.000300 
10235.000300 
8629.000300 
7905.000300 
10249.000300 
11103.000300 
8434.000300 
10865.000300 
7100.000300 
7848.000300 
10960.000300 
5682.000300 
6873.000300 
7834.000300 
9665.000300 
5647.000300 
8560.000300 
10889.000300 
10478.000300 
6748.000300 
8060.000300 
7403.000300 
6986.000300 
12016.000300 
8952.000300 
9242.000300 
10073.000300 
9681.000300 
9194.000300 
7345.000300 
8231.000300 
9844.000300 
10635.000300 
8448.000300 
7789.000300 
6034.000300 
10751.000300 
9568.000300 
7838.000300 
8620.000300 
9634.000300 
7354.000300 
8620.000300 
