2.000300 
7.000300 
3.000300 
5.000300 
3.000300 
3.000300 
3.000300 
10.000300 
4.000300 
9.000300 
6.000300 
6.000300 
4.000300 
4.000300 
3.000300 
8.000300 
6.000300 
3.000300 
5.000300 
9.000300 
3.000300 
4.000300 
8.000300 
2.000300 
4.000300 
1.000300 
6.000300 
2.000300 
3.000300 
4.000300 
5.000300 
5.000300 
4.000300 
4.000300 
8.000300 
5.000300 
6.000300 
6.000300 
5.000300 
5.000300 
3.000300 
4.000300 
5.000300 
6.000300 
2.000300 
5.000300 
7.000300 
5.000300 
8.000300 
9.000300 
10.000300 
8.000300 
8.000300 
4.000300 
8.000300 
11.000300 
4.000300 
3.000300 
10.000300 
7.000300 
1.000300 
4.000300 
2.000300 
7.000300 
5.000300 
9.000300 
4.000300 
3.000300 
10.000300 
9.000300 
1.000300 
8.000300 
5.000300 
5.000300 
8.000300 
8.000300 
4.000300 
7.000300 
5.000300 
6.000300 
4.000300 
5.000300 
4.000300 
6.000300 
3.000300 
2.000300 
4.000300 
4.000300 
4.000300 
4.000300 
5.000300 
5.000300 
7.000300 
9.000300 
4.000300 
6.000300 
7.000300 
6.000300 
2.000300 
5.000300 
4.000300 
3.000300 
5.000300 
2.000300 
5.000300 
6.000300 
3.000300 
5.000300 
3.000300 
4.000300 
4.000300 
7.000300 
4.000300 
4.000300 
2.000300 
3.000300 
6.000300 
3.000300 
7.000300 
6.000300 
8.000300 
8.000300 
3.000300 
5.000300 
3.000300 
2.000300 
5.000300 
6.000300 
2.000300 
5.000300 
3.000300 
7.000300 
8.000300 
3.000300 
2.000300 
0.000300 
1.000300 
2.000300 
1.000300 
6.000300 
9.000300 
5.000300 
4.000300 
5.000300 
7.000300 
2.000300 
6.000300 
6.000300 
4.000300 
8.000300 
9.000300 
4.000300 
1.000300 
3.000300 
1.000300 
6.000300 
4.000300 
7.000300 
6.000300 
7.000300 
5.000300 
9.000300 
4.000300 
7.000300 
3.000300 
5.000300 
4.000300 
5.000300 
9.000300 
3.000300 
3.000300 
5.000300 
6.000300 
4.000300 
1.000300 
3.000300 
3.000300 
5.000300 
5.000300 
5.000300 
3.000300 
6.000300 
6.000300 
7.000300 
4.000300 
8.000300 
6.000300 
5.000300 
4.000300 
3.000300 
7.000300 
4.000300 
4.000300 
4.000300 
11.000300 
2.000300 
7.000300 
3.000300 
5.000300 
7.000300 
3.000300 
